black_ratings = [
  [-9000, -6370, -4450, -1350, -1250, -99, -97, -95, -93,  -91,  -89,  -87,  -85,  -83,  -81,  -79],
  [-6500, -4500, -1400, -1300, -1200,  10, -94, -92, -90,  -88,  -86,  -84,  -82,  -80,  -78,  -76],
  [-4450, -1400, -1300, -1200,    10,  25,  30, -89, -87,  -85,  -83,  -81,  -79,  -77,  -75,  -73],
  [-1350, -1300, -1200,    10,    25,  30,  40,  50, -84,  -82,  -80,  -78,  -76,  -74,  -72,  -70],
  [-1250, -1200,    10,    25,    30,  40,  50,  55,  60,  -79,  -77,  -75,  -73,  -71,  -69,  -67],
  [ -99,     10,    25,    30,    40,  50,  55,  60,  65,   70,  -74,  -72,  -70,  -68,  -66,  -64],
  [ -97,    -94,    30,    40,    50,  55,  60,  65,  70,   75,   80,  -69,  -67,  -65,  -63,  -61],
  [ -95,    -92,   -89,    50,    55,  60,  65,  70,  75,   80,   85,   90,  -64,  -62,  -60,  -58],
  [ -93,    -90,   -87,   -84,    60,  65,  70,  75,  80,   85,   90,   95,  100,  -59,  -57,  -55],
  [ -91,    -88,   -85,   -82,   -79,  70,  75,  80,  85,   90,   95,  100,  105,  110,  -54,  -52],
  [ -89,    -86,   -83,   -80,   -77, -74,  80,  85,  90,   95,  100,  105,  110,  114,  117,  -49],
  [ -87,    -84,   -81,   -78,   -75, -72, -69,  90,  95,  100,  105,  110,  114,  119, 1230, 1250],
  [ -85,    -82,   -79,   -76,   -73, -70, -67, -64, 100,  105,  110,  114,  118, 1220, 1320, 1350],
  [ -83,    -80,   -77,   -74,   -71, -68, -65, -62, -59,  110,  114,  115, 1200, 1300, 1400, 1450],
  [ -81,    -78,   -75,   -72,   -69, -66, -63, -60, -57,  -54,  118, 1230, 1330, 1430, 1500, 1530],
  [ -79,    -76,   -73,   -70,   -67, -64, -61, -58, -55,  -52,  -49, 1250, 1350, 1450, 1550, 1800],

]
-> 127 steps in depth 1

[
  [-1800, -1550, -1450, -1350, -1250, -99, -97, -95, -93,  -91,  -89,  -87,  -85,  -83,  -81,  -79],
  [-1550, -1500, -1400, -1300, -1200,  10, -94, -92, -90,  -88,  -86,  -84,  -82,  -80,  -78,  -76],
  [-1450, -1400, -1300, -1200,    10,  25,  30, -89, -87,  -85,  -83,  -81,  -79,  -77,  -75,  -73],
  [-1350, -1300, -1200,    10,    25,  30,  40,  50, -84,  -82,  -80,  -78,  -76,  -74,  -72,  -70],
  [-1250, -1200,    10,    25,    30,  40,  50,  55,  60,  -79,  -77,  -75,  -73,  -71,  -69,  -67],
  [ -99,     10,    25,    30,    40,  50,  55,  60,  65,   70,  -74,  -72,  -70,  -68,  -66,  -64],
  [ -97,    -94,    30,    40,    50,  55,  60,  65,  70,   75,   80,  -69,  -67,  -65,  -63,  -61],
  [ -95,    -92,   -89,    50,    55,  60,  65,  70,  75,   80,   85,   90,  -64,  -62,  -60,  -58],
  [ -93,    -90,   -87,   -84,    60,  65,  70,  75,  80,   85,   90,   95,  100,  -59,  -57,  -55],
  [ -91,    -88,   -85,   -82,   -79,  70,  75,  80,  85,   90,   95,  100,  105,  110,  -54,  -52],
  [ -89,    -86,   -83,   -80,   -77, -74,  80,  85,  90,   95,  100,  105,  110,  114,  117,  -49],
  [ -87,    -84,   -81,   -78,   -75, -72, -69,  90,  95,  100,  105,  110,  114,  119, 1230, 1250],
  [ -85,    -82,   -79,   -76,   -73, -70, -67, -64, 100,  105,  110,  114,  118, 1220, 1320, 1350],
  [ -83,    -80,   -77,   -74,   -71, -68, -65, -62, -59,  110,  114,  115, 1200, 1300, 1400, 1450],
  [ -81,    -78,   -75,   -72,   -69, -66, -63, -60, -57,  -54,  118, 1230, 1330, 1430, 1500, 1530],
  [ -79,    -76,   -73,   -70,   -67, -64, -61, -58, -55,  -52,  -49, 1250, 1350, 1450, 1550, 1800],

]

-> old one



-> depth 2 -> 1,2 error new rule 1.b
black_ratings = [
  [-9000, -6370, -4450, -1350, -1250, -99, -97, -95, -93,  -91,  -89,  -87,  -85,  -83,  -81,  -79],
  [-6500, -4500, -1400, -1300, -1200,  10, -94, -92, -90,  -88,  -86,  -84,  -82,  -80,  -78,  -76],
  [-4450, -1400, -1300, -1200,    10,  25,  30, -89, -87,  -85,  -83,  -81,  -79,  -77,  -75,  -73],
  [-1350, -1300, -1200,    10,    25,  30,  40,  50, -84,  -82,  -80,  -78,  -76,  -74,  -72,  -70],
  [-1250, -1200,    10,    25,    30,  40,  50,  55,  60,  -79,  -77,  -75,  -73,  -71,  -69,  -67],
  [ -99,     10,    25,    30,    40,  50,  55,  60,  65,   70,  -74,  -72,  -70,  -68,  -66,  -64],
  [ -97,    -94,    30,    40,    50,  55,  60,  65,  70,   75,   80,  -69,  -67,  -65,  -63,  -61],
  [ -95,    -92,   -89,    50,    55,  60,  65,  70,  75,   80,   85,   90,  -64,  -62,  -60,  -58],
  [ -93,    -90,   -87,   -84,    60,  65,  70,  75,  80,   85,   90,   95,  100,  -59,  -57,  -55],
  [ -91,    -88,   -85,   -82,   -79,  70,  75,  80,  85,   90,   95,  100,  105,  110,  -54,  -52],
  [ -89,    -86,   -83,   -80,   -77, -74,  80,  85,  90,   95,  100,  105,  110,  114,  117,  -49],
  [ -87,    -84,   -81,   -78,   -75, -72, -69,  90,  95,  100,  105,  110,  114,  119, 1230, 1250],
  [ -85,    -82,   -79,   -76,   -73, -70, -67, -64, 100,  105,  110,  114,  118, 1220, 1320, 1350],
  [ -83,    -80,   -77,   -74,   -71, -68, -65, -62, -59,  110,  114,  115, 1200, 1300, 1400, 1450],
  [ -81,    -78,   -75,   -72,   -69, -66, -63, -60, -57,  -54,  118, 1230, 1330, 1430, 1500, 1530],
  [ -79,    -76,   -73,   -70,   -67, -64, -61, -58, -55,  -52,  -49, 1250, 1350, 1450, 1550, 1800],

]


[
  [-9947, -8370, -6450, -4350, -2274, -99, -97, -95, -93,  -91,  -89,  -87,  -85,  -83,  -81,  -79],
  [-8500, -6500, -4487, -2310, -1206,  10, -94, -92, -90,  -88,  -86,  -84,  -82,  -80,  -78,  -76],
  [-6455, -4423, -2360, -1269,    10,  25,  30, -89, -87,  -85,  -83,  -81,  -79,  -77,  -75,  -73],
  [-4350, -2302, -1279,    10,    25,  30,  40,  50, -84,  -82,  -80,  -78,  -76,  -74,  -72,  -70],
  [-2250, -1202,    10,    25,    30,  40,  50,  55,  60,  -79,  -77,  -75,  -73,  -71,  -69,  -67],
  [ -99,     10,    25,    30,    40,  50,  55,  60,  65,   70,  -74,  -72,  -70,  -68,  -66,  -64],
  [ -97,    -94,    30,    40,    50,  55,  60,  65,  70,   75,   80,  -69,  -67,  -65,  -63,  -61],
  [ -95,    -92,   -89,    50,    55,  60,  65,  70,  75,   80,   85,   90,  -64,  -62,  -60,  -58],
  [ -93,    -90,   -87,   -84,    60,  65,  70,  75,  80,   85,   90,   95,  100,  -59,  -57,  -55],
  [ -91,    -88,   -85,   -82,   -79,  70,  75,  80,  85,   90,   95,  100,  105,  110,  -54,  -52],
  [ -89,    -86,   -83,   -80,   -77, -74,  80,  85,  90,   95,  100,  105,  110,  114,  117,  -49],
  [ -87,    -84,   -81,   -78,   -75, -72, -69,  90,  95,  100,  105,  110,  114,  119, 1230, 1250],
  [ -85,    -82,   -79,   -76,   -73, -70, -67, -64, 100,  105,  110,  114,  118, 1220, 1320, 1352],
  [ -83,    -80,   -77,   -74,   -71, -68, -65, -62, -59,  110,  114,  115, 1200, 1300, 1400, 1452],
  [ -81,    -78,   -75,   -72,   -69, -66, -63, -60, -57,  -54,  118, 1230, 1330, 1430, 1500, 1530],
  [ -79,    -76,   -73,   -70,   -67, -64, -61, -58, -55,  -52,  -49, 1250, 1350, 1450, 1550, 1800],

]



-> 24 oct
black_ratings = [
  [-19947, -18370, -16450, -14350, -12274, -99, -97, -95, -93,  -91,  -89,  -87,  -85,  -83,  -81,  -79],
  [-18500, -16500, -14487, -12310, -11206,  10, -94, -92, -90,  -88,  -86,  -84,  -82,  -80,  -78,  -76],
  [-16455, -14423, -12360, -11269,    10,  20,  30, -89, -87,  -85,  -83,  -81,  -79,  -77,  -75,  -73],
  [-14350, -12302, -11279,    10,    20,  30,  40,  50, -84,  -82,  -80,  -78,  -76,  -74,  -72,  -70],
  [-12250, -11202,    10,    20,    30,  40,  50,  55,  60,  -79,  -77,  -75,  -73,  -71,  -69,  -67],
  [ -99,     10,    20,    30,    40,  50,  55,  60,  65,   70,  -74,  -72,  -70,  -68,  -66,  -64],
  [ -97,    -94,    30,    40,    50,  55,  60,  65,  70,   75,   80,  -69,  -67,  -65,  -63,  -61],
  [ -95,    -92,   -89,    50,    55,  60,  65,  70,  75,   80,   85,   90,  -64,  -62,  -60,  -58],
  [ -93,    -90,   -87,   -84,    60,  65,  70,  75,  80,   85,   90,   95,  100,  -59,  -57,  -55],
  [ -91,    -88,   -85,   -82,   -79,  70,  75,  80,  85,   90,   95,  100,  105,  110,  -54,  -52],
  [ -89,    -86,   -83,   -80,   -77, -74,  80,  85,  90,   95,  100,  105,  110,  114,  117,  -49],
  [ -87,    -84,   -81,   -78,   -75, -72, -69,  90,  95,  100,  105,  110,  114,  119, 1230, 1250],
  [ -85,    -82,   -79,   -76,   -73, -70, -67, -64, 100,  105,  110,  114,  118, 1220, 1320, 1352],
  [ -83,    -80,   -77,   -74,   -71, -68, -65, -62, -59,  110,  114,  115, 1200, 1300, 1400, 1452],
  [ -81,    -78,   -75,   -72,   -69, -66, -63, -60, -57,  -54,  118, 1230, 1330, 1430, 1500, 1530],
  [ -79,    -76,   -73,   -70,   -67, -64, -61, -58, -55,  -52,  -49, 1250, 1350, 1450, 1550, 1800],

]



-> old one from github
black_ratings = [
  [-180, -150, -140, -130, -120, -99, -99, -99, -99, -99, -99, -99, -99, -99, -99, -99],
  [-150, -150, -140, -130, -120,  10, -99, -99, -99, -99, -99, -99, -99, -99, -99, -99],
  [-140, -140, -130, -120,   10,  25,  30, -99, -99, -99, -99, -99, -99, -99, -99, -99],
  [-130, -130, -120,   10,   25,  30,  40,  50, -99, -99, -99, -99, -99, -99, -99, -99],
  [-120, -120,   10,   25,   30,  40,  50,  55,  60, -99, -99, -99, -99, -99, -99, -99],
  [ -99,   10,   25,   30,   40,  50,  55,  60,  65,  70, -99, -99, -99, -99, -99, -99],
  [ -99, -99 ,   30,   40,   50,  55,  60,  65,  70,  75,  80, -99, -99, -99, -99, -99],
  [ -99, -99 , -99 ,   50,   55,  60,  65,  70,  75,  80,  85,  90, -99, -99, -99, -99],
  [ -99, -99 , -99 ,  -99,   60,  65,  70,  75,  80,  85,  90,  95, 100, -99, -99, -99],
  [ -99, -99 , -99 ,  -99,  -99,  70,  75,  80,  85,  90,  95, 100, 105, 110, -99, -99],
  [ -99, -99 , -99 ,  -99,  -99, -99,  80,  85,  90,  95, 100, 105, 110, 114, 118, -99],
  [ -99, -99 , -99 ,  -99,  -99, -99, -99,  90,  95, 100, 105, 110, 114, 119, 120, 125],
  [ -99, -99 , -99 ,  -99,  -99, -99, -99, -99, 100, 105, 110, 114, 118, 120, 130, 130],
  [ -99, -99 , -99 ,  -99,  -99, -99, -99, -99, -99, 110, 114, 118, 120, 130, 140, 140],
  [ -99, -99 , -99 ,  -99,  -99, -99, -99, -99, -99, 114, 118, 120, 130, 140, 150, 150],
  [ -99, -99 , -99 ,  -99,  -99, -99, -99, -99, -99, -99, -99, 125, 130, 140, 150, 180],

]


/// WIP
black_ratings = [
  [-180, -151, -16450, -14350, -12274, -99, -97, -95, -93,  -91,  -89,  -87,  -85,  -83,  -81,  -79],
  [-152, -155, -14487, -12310, -11206,  10, -94, -92, -90,  -88,  -86,  -84,  -82,  -80,  -78,  -76],
  [-142, -146, -12360, -11269,    10,  20,  30, -89, -87,  -85,  -83,  -81,  -79,  -77,  -75,  -73],
  [-14350, -12302, -11279,    10,    20,  30,  40,  50, -84,  -82,  -80,  -78,  -76,  -74,  -72,  -70],
  [-12250, -11202,    10,    20,    30,  40,  50,  55,  60,  -79,  -77,  -75,  -73,  -71,  -69,  -67],
  [ -99,     10,    20,    30,    40,  50,  55,  60,  65,   70,  -74,  -72,  -70,  -68,  -66,  -64],
  [ -97,    -94,    30,    40,    50,  55,  60,  65,  70,   75,   80,  -69,  -67,  -65,  -63,  -61],
  [ -95,    -92,   -89,    50,    55,  60,  65,  70,  75,   80,   85,   90,  -64,  -62,  -60,  -58],
  [ -93,    -90,   -87,   -84,    60,  65,  70,  75,  80,   85,   90,   95,  100,  -59,  -57,  -55],
  [ -91,    -88,   -85,   -82,   -79,  70,  75,  80,  85,   90,   95,  100,  105,  110,  -54,  -52],
  [ -89,    -86,   -83,   -80,   -77, -74,  80,  85,  90,   95,  100,  105,  110,  114,  117,  -49],
  [ -87,    -84,   -81,   -78,   -75, -72, -69,  90,  95,  100,  105,  110,  114,  119, 1230, 1250],
  [ -85,    -82,   -79,   -76,   -73, -70, -67, -64, 100,  105,  110,  114,  118, 1220, 1320, 1352],
  [ -83,    -80,   -77,   -74,   -71, -68, -65, -62, -59,  110,  114,  115, 1200, 1300, 1400, 1452],
  [ -81,    -78,   -75,   -72,   -69, -66, -63, -60, -57,  -54,  118, 1230, 1330, 1430, 1500, 1530],
  [ -79,    -76,   -73,   -70,   -67, -64, -61, -58, -55,  -52,  -49, 1250, 1350, 1450, 1550, 1800],

]


/// combination

black_ratings = [
  [-180, -150, -140, -130, -120, -99, -97, -95, -93,  -91,  -89,  -87,  -85,  -83,  -81,  -79],
  [-150, -150, -140, -130, -120,  10, -94, -92, -90,  -88,  -86,  -84,  -82,  -80,  -78,  -76],
  [-140, -140, -130, -120,   10,  25,  30, -89, -87,  -85,  -83,  -81,  -79,  -77,  -75,  -73],
  [-130, -130, -120,   10,   25,  30,  40,  50, -84,  -82,  -80,  -78,  -76,  -74,  -72,  -70],
  [-120, -120,   10,   25,   30,  40,  50,  55,  60,  -79,  -77,  -75,  -73,  -71,  -69,  -67],
  [ -99,   10,   25,   30,   40,  50,  55,  60,  65,   70,  -74,  -72,  -70,  -68,  -66,  -64],
  [ -97,    -94,   30,   40,   50,  55,  60,  65,  70,   75,   80,  -69,  -67,  -65,  -63,  -61],
  [ -95,    -92,   -89,   50,   55,  60,  65,  70,  75,   80,   85,   90,  -64,  -62,  -60,  -58],
  [ -93,    -90,   -87,   -84,   60,  65,  70,  75,  80,  85,  90,  95, 100, -59,  -57,  -55],
  [ -91,    -88,   -85,   -82,   -79,  70,  75,  80,  85,  90,  95, 100, 105, 110, -54,  -52],
  [ -89,    -86,   -83,   -80,   -77, -74,  80,  85,  90,  95,  100, 105, 110, 114, 117, -49],
  [ -87,    -84,   -81,   -78,   -75, -72, -69,  90,  95, 100,  105, 110, 114, 119, 123, 130],
  [ -85,    -82,   -79,   -76,   -73, -70, -67, -64, 100, 105,  110, 114, 118, 122, 132, 137],
  [ -83,    -80,   -77,   -74,   -71, -68, -65, -62, -59, 110,  114, 115, 120, 130, 140, 146],
  [ -81,    -78,   -75,   -72,   -69, -66, -63, -60, -57,  -54, -53, 123, 133, 143, 150, 153],
  [ -79,    -76,   -73,   -70,   -67, -64, -61, -58, -55,  -52, -49, 130, 135, 145, 155, 180],

]


------------test 1

black_ratings = [
  [-180, -150, -140, -130, -120, -99, -97, -95, -93,  -91,  -89,  -87,  -85,  -83,  -81,  -79],
  [-150, -150, -140, -130, -120,  10, -94, -92, -90,  -88,  -86,  -84,  -82,  -80,  -78,  -76],
  [-140, -140, -130, -120,   10,  25,  30, -89, -87,  -85,  -83,  -81,  -79,  -77,  -75,  -73],
  [-130, -130, -120,   10,   25,  30,  40,  50, -84,  -82,  -80,  -78,  -76,  -74,  -72,  -70],
  [-120, -120,   10,   25,   30,  40,  50,  55,  60,  -79,  -77,  -75,  -73,  -71,  -69,  -67],
  [ -99,   10,   25,   30,   40,  50,  55,  60,  65,   70,  -74,  -72,  -70,  -68,  -66,  -64],
  [ -97,    -94,   30,   40,   50,  55,  60,  65,  70,   75,   80,  -69,  -67,  -65,  -63,  -61],
  [ -95,    -92,   -89,   50,   55,  60,  65,  70,  75,   80,   85,   90,  -64,  -62,  -60,  -58],
  [ -93,    -90,   -87,   -84,   60,  65,  70,  75,  80,  85,  90,  95, 100, -59,  -57,  -55],
  [ -91,    -88,   -85,   -82,   -79,  70,  75,  80,  85,  90,  95, 100, 105, 110, -54,  -52],
  [ -89,    -86,   -83,   -80,   -77, -74,  80,  85,  90,  95,  100, 105, 110, 115, 117, -49],
  [ -87,    -84,   -81,   -78,   -75, -72, -69,  90,  95, 100,  105, 110, 114, 119, 223, 230],
  [ -85,    -82,   -79,   -76,   -73, -70, -67, -64, 100, 105,  110, 115, 118, 221, 226, 243],
  [ -83,    -80,   -77,   -74,   -71, -68, -65, -62, -59, 110,  114, 117, 220, 225, 235, 251],
  [ -81,    -78,   -75,   -72,   -69, -66, -63, -60, -57,  -54, -51, 223, 228, 237, 246, 253],
  [ -79,    -76,   -73,   -70,   -67, -64, -61, -58, -55,  -52, -49, 230, 240, 250, 255, 280],

]